    -2.327116     0.152963     1.030352     0.000054
    -8.385956     0.153207     1.049265     0.000055
    -14.819426     0.168350     1.029711     0.000059
    -5.550662     0.154835     1.012424     0.000054
    -10.566759     0.156314     1.041271     0.000056
    -4.172690     0.158380     1.059765     0.000057
    -7.158075     0.161459     1.051355     0.000058
    -2.284022     0.169870     1.028925     0.000060
    -9.137311     0.152355     1.022949     0.000054
    -4.186105     0.152350     1.015239     0.000053
    -10.007750     0.151973     1.042811     0.000054
    -8.462132     0.155825     1.031574     0.000055
    -10.501617     0.148622     1.056232     0.000054
    -3.397555     0.148600     1.042964     0.000053
    -10.356134     0.148714     1.024701     0.000052
    -13.940176     0.157789     1.036505     0.000055
