    130.746196     0.315904     0.885415     0.000171
    133.452126     0.319931     0.886233     0.000174
    134.838535     0.316286     0.875357     0.000169
    142.677707     0.312658     0.914780     0.000175
    139.884759     0.320146     0.893314     0.000175
    141.564560     0.318676     0.889430     0.000173
    133.012910     0.315115     0.889146     0.000171
    141.659368     0.314119     0.868990     0.000168
    130.724303     0.317743     0.899688     0.000175
    140.412065     0.312453     0.873535     0.000165
    131.993628     0.314185     0.884931     0.000171
    152.862300     0.318256     0.901736     0.000177
    130.996285     0.321352     0.872748     0.000172
    137.779801     0.321946     0.904852     0.000179
    130.518259     0.316380     0.877881     0.000170
    140.971834     0.351710     0.898672     0.000190
    0.000000     0.000000     0.000000     0.000000
    125.775123     0.325523     0.929061     0.000189
    125.332071     0.351795     0.907941     0.000234
    131.384912     0.329249     0.896260     0.000187
    124.894302     0.319715     0.879086     0.000173
    122.681025     0.322467     0.912555     0.000181
    122.664340     0.324661     0.892537     0.000177
    122.386023     0.322412     0.896796     0.000176
    122.874609     0.325196     0.917720     0.000180
    129.620302     0.321315     0.897731     0.000177
    119.046786     0.324917     0.920066     0.000182
    123.580429     0.324960     0.904114     0.000180
    119.292606     0.320837     0.919474     0.000180
    122.642115     0.316450     0.903149     0.000174
    119.578877     0.324889     0.916265     0.000181
    129.661876     0.321599     0.916322     0.000179
