    7.096862     0.053309     1.014526     0.000027
    6.577252     0.053034     0.999015     0.000027
    -0.236882     0.053219     1.010914     0.000027
    4.468893     0.053826     1.034502     0.000028
    -1.459062     0.053374     0.984625     0.000026
    0.911395     0.053588     1.016631     0.000027
    0.586910     0.053506     1.060728     0.000028
    5.592068     0.054233     1.031579     0.000028
    -1.842092     0.053498     1.004390     0.000027
    2.150406     0.053950     1.013081     0.000027
    -2.978013     0.053334     1.041443     0.000028
    2.230623     0.055090     1.028174     0.000028
    -1.069819     0.054132     1.042560     0.000028
    0.656084     0.055400     1.048449     0.000029
    1.343693     0.057787     1.007213     0.000029
    0.000000     0.000000     0.000000     0.000000
    -3.596659     0.101420     0.986060     0.000056
    4.105966     0.056171     1.037986     0.000029
    -5.302383     0.055359     1.032436     0.000029
    2.794497     0.054832     1.010351     0.000028
    -0.725305     0.054505     0.993328     0.000027
    1.985940     0.054243     1.033598     0.000028
    -2.711563     0.054243     1.022906     0.000028
    6.030421     0.053583     1.026262     0.000028
    -5.990650     0.053746     1.061491     0.000029
    2.228400     0.053146     1.015773     0.000027
    -3.832739     0.053656     1.030481     0.000028
    2.367125     0.053051     1.085987     0.000029
    -4.600619     0.053895     1.022595     0.000028
    -0.837699     0.054502     1.063823     0.000029
    -4.845703     0.053124     1.029445     0.000027
    3.263017     0.053044     1.006595     0.000027
