    0.946068     0.598867     0.978241     0.000192
    1.935659     0.496467     0.975789     0.000164
    -2.194160     0.476491     0.981930     0.000159
    5.086617     0.475144     0.963481     0.000156
    -5.891991     0.473750     0.955974     0.000155
    3.227576     0.481865     1.003450     0.000164
    -3.537123     0.459790     0.966739     0.000154
    2.518102     0.459050     0.975806     0.000155
    0.000000     0.000000     1.000000     0.000000
    6.129331     0.453555     0.976057     0.000157
    -2.142713     0.449182     1.004468     0.000159
    4.956905     0.442876     0.985740     0.000154
    1.776998     0.444430     0.985981     0.000154
    7.581466     0.449181     0.994657     0.000156
    0.813761     0.449874     0.990784     0.000155
    -2.191437     0.532342     0.955917     0.000173
