    12.451049     0.256644     1.026259     0.000130
    1.127532     0.255878     1.004138     0.000127
    3.998582     0.254813     0.993356     0.000125
    0.990266     0.252690     1.018652     0.000127
    -2.449890     0.257107     1.012448     0.000129
    2.969455     0.256453     1.021796     0.000130
    -0.725727     0.258108     1.016212     0.000130
    6.466807     0.256152     1.027582     0.000131
    -5.208439     0.257020     1.024281     0.000131
    7.180687     0.254304     1.022482     0.000130
    -7.185818     0.259653     1.041054     0.000136
    5.071750     0.253736     1.011565     0.000129
    -4.312171     0.250577     1.000734     0.000125
    5.246372     0.251562     1.011164     0.000128
    -3.044022     0.259451     1.006542     0.000132
    5.188476     0.277999     1.012796     0.000143
    0.000000     0.000000     1.000000     0.000000
    9.057964     0.256117     1.028580     0.000126
    3.738586     0.256032     0.976809     0.000121
    5.066405     0.249530     1.018357     0.000123
    0.105276     0.249952     0.997112     0.000121
    7.768101     0.252076     1.041966     0.000128
    0.389431     0.252259     1.043020     0.000128
    5.441380     0.250766     1.033441     0.000127
    -2.053628     0.251957     1.021291     0.000126
    4.642062     0.253399     1.039719     0.000129
    1.652107     0.253827     1.006913     0.000125
    7.862483     0.255175     1.021565     0.000128
    -0.919006     0.256172     1.002580     0.000126
    5.697301     0.254060     1.013584     0.000127
    -1.478818     0.257919     1.034979     0.000131
    8.974067     0.253005     1.018464     0.000127
