    -5.556269     0.043582     1.015968     0.000018
    -2.721021     0.042614     1.020804     0.000018
    -3.263978     0.043008     1.013352     0.000017
    -9.768215     0.042513     1.033865     0.000017
    -10.966738     0.041208     1.015201     0.000016
    -7.259861     0.041548     1.016629     0.000017
    -8.990740     0.041011     1.008380     0.000016
    -5.085811     0.042192     1.008389     0.000017
    0.000000     0.000000     1.000000     0.000000
    -0.349818     0.041259     1.016150     0.000016
    -11.463185     0.041931     1.033484     0.000017
    0.885787     0.043638     1.042697     0.000018
    -13.356952     0.042706     1.008491     0.000017
    0.684749     0.044576     1.042538     0.000019
    -4.127879     0.046489     1.031439     0.000020
    -4.192381     0.052427     0.990340     0.000021
