    -26.372893     1.412542     0.970431     0.000835
    29.824778     1.500340     0.990504     0.000913
    -9.510602     1.452000     0.978149     0.000867
    15.922012     1.484812     0.986962     0.000894
    -15.475673     1.488331     1.001088     0.000912
    -8.954413     1.535103     0.992218     0.000934
    2.593867     1.479498     0.997945     0.000903
    47.891565     1.539774     0.974086     0.000901
    18.122080     1.533611     0.984720     0.000917
    -3.631531     1.546730     0.996130     0.000937
    1.934020     1.545398     1.013641     0.000943
    -5.152965     1.569818     0.998362     0.000941
    -1.949019     1.589091     1.019220     0.000972
    -8.764514     1.559830     1.000009     0.000909
    5.756663     1.686440     0.993681     0.000986
    45.386400     1.829896     0.992937     0.001032
    0.000000     0.000000     1.000000     0.000000
    35.811581     1.620244     0.999122     0.000975
    -9.123668     1.541029     1.011200     0.000937
    -7.277041     1.465855     1.000523     0.000881
    55.547902     1.481931     0.986378     0.000890
    20.745428     1.437247     0.986536     0.000861
    36.995333     1.460151     1.015201     0.000895
    -13.604914     1.444776     1.016075     0.000882
    36.984832     1.475628     1.002901     0.000896
    54.164089     1.448831     1.021573     0.000889
    30.719551     1.464731     0.979777     0.000875
    4.930803     1.480540     0.986530     0.000892
    24.279177     1.486142     1.009845     0.000915
    85.878285     1.485451     1.004171     0.000909
    71.616410     1.474864     1.011600     0.000906
    41.745214     1.479098     0.998857     0.000890
