    -3.513230     0.014526     1.032174     0.000006
    2.996926     0.013922     1.024094     0.000006
    -5.755588     0.013998     1.004336     0.000005
    -5.755875     0.014209     0.988711     0.000005
    -13.226844     0.014299     1.004678     0.000006
    -4.397140     0.014214     1.030879     0.000006
    -11.256547     0.014325     1.033729     0.000006
    11.743708     0.014337     1.017935     0.000006
    -4.344474     0.013911     1.031211     0.000006
    2.908378     0.014141     1.030080     0.000006
    -13.656911     0.014188     1.018869     0.000006
    -3.168589     0.014055     1.029353     0.000006
    -5.390216     0.013976     1.001037     0.000006
    -3.005136     0.014137     1.040042     0.000007
    -8.729799     0.014260     1.025946     0.000007
    -4.576878     0.015053     1.006825     0.000008
