    27.793436     0.378899     0.980836     0.000455
    32.644183     0.380944     0.981508     0.000462
    51.502482     0.379657     1.015537     0.000482
    35.956374     0.385622     0.984147     0.000471
    25.030066     0.377523     0.953720     0.000447
    38.520775     0.380401     0.979928     0.000462
    16.869568     0.384822     0.986564     0.000468
    23.693073     0.386058     0.991104     0.000479
    20.370816     0.378018     0.972849     0.000451
    47.060137     0.384771     0.993844     0.000477
    8.430987     0.382697     0.966762     0.000454
    42.530581     0.381203     0.997592     0.000474
    4.028769     0.389039     0.977643     0.000470
    43.435100     0.390276     0.985658     0.000470
    -4.022311     0.393369     0.972160     0.000469
    17.720288     0.442043     0.956424     0.000518
    0.000000     0.000000     1.000000     0.000000
    6.476289     0.400405     0.964840     0.000470
    14.103915     0.398178     0.965929     0.000475
    24.355535     0.392070     0.968546     0.000466
    -18.566166     0.381344     0.962825     0.000453
    14.076944     0.404428     0.977675     0.000495
    9.010851     0.393435     1.012040     0.000500
    30.032019     0.390145     0.953488     0.000467
    7.370760     0.391542     0.997717     0.000488
    -11.270617     0.390983     0.984958     0.000479
    10.729701     0.380844     0.933428     0.000439
    29.285832     0.383156     0.954220     0.000455
    5.842146     0.386342     1.000488     0.000483
    17.452164     0.390012     1.003179     0.000492
    22.230659     0.379058     0.986855     0.000470
    24.973371     0.386048     0.980370     0.000475
