    43.157373     0.084370     0.945632     0.000100
    73.362818     0.084296     0.926717     0.000098
    39.887923     0.083230     0.945924     0.000099
    96.968167     0.085836     0.949384     0.000104
    69.381357     0.082230     0.944554     0.000098
    94.224961     0.085746     0.928020     0.000101
    66.113127     0.083607     0.932533     0.000099
    88.810221     0.085228     0.922311     0.000100
    52.661241     0.084213     0.927405     0.000099
    73.882918     0.084293     0.950567     0.000102
    65.503942     0.083048     0.930240     0.000097
    69.301166     0.083947     0.958510     0.000101
    74.017493     0.084829     0.927653     0.000100
    82.119327     0.084022     0.968952     0.000102
    60.520681     0.086854     0.948042     0.000104
    94.485093     0.093690     0.938603     0.000111
    71.044182     0.092472     0.932783     0.000107
    88.730377     0.088138     0.957316     0.000107
    98.176298     0.085473     0.939063     0.000102
    101.739739     0.085146     0.925669     0.000100
    83.694267     0.086204     0.936136     0.000102
    99.121706     0.084621     0.956734     0.000102
    74.500218     0.086806     0.953681     0.000104
    109.713215     0.084104     0.942402     0.000100
    62.391930     0.086978     0.950757     0.000103
    102.315926     0.084113     0.927666     0.000099
    71.031364     0.085271     0.958381     0.000103
    104.762231     0.082979     0.940738     0.000098
    84.744736     0.085266     0.948373     0.000103
    86.130818     0.083218     0.946545     0.000099
    95.519037     0.083736     0.960846     0.000102
    119.985625     0.082346     0.933726     0.000097
