    -1.979224     0.059113     1.059022     0.000032
    17.641153     0.058573     1.100216     0.000033
    7.868205     0.058337     1.065057     0.000031
    16.169353     0.057539     1.083168     0.000032
    18.403032     0.057950     1.089671     0.000032
    8.952407     0.057980     1.106846     0.000032
    6.153401     0.059118     1.087409     0.000032
    6.525025     0.058826     1.084567     0.000032
    4.073854     0.058335     1.117060     0.000033
    10.765679     0.058475     1.096633     0.000032
    16.337647     0.058668     1.089844     0.000032
    13.307184     0.059122     1.096571     0.000033
    1.436793     0.059353     1.129600     0.000034
    8.900874     0.059332     1.096724     0.000033
    2.802391     0.060142     1.096074     0.000033
    17.360153     0.063866     1.088203     0.000035
    7.439485     0.082118     1.086151     0.000046
    8.684024     0.061961     1.079125     0.000034
    16.183373     0.059752     1.103968     0.000034
    6.873185     0.059550     1.095026     0.000033
    6.435725     0.059141     1.053910     0.000032
    10.051072     0.059983     1.100493     0.000033
    0.000000     0.000000     0.000000     0.000000
    6.681133     0.060049     1.062996     0.000032
    5.766167     0.059064     1.074294     0.000032
    8.995810     0.058588     1.093878     0.000032
    11.200739     0.058742     1.096918     0.000033
    14.004286     0.057382     1.091217     0.000032
    12.810341     0.058601     1.051743     0.000031
    20.269733     0.058141     1.101626     0.000032
    11.675234     0.058761     1.097407     0.000033
    7.284294     0.058892     1.073889     0.000032
