    10.405448     0.294001     1.060706     0.000159
    9.802751     0.291387     1.085802     0.000161
    6.121971     0.288372     1.069869     0.000157
    11.560624     0.285144     1.065032     0.000155
    4.068551     0.289084     1.094842     0.000161
    8.955333     0.285546     1.057677     0.000154
    6.721279     0.284813     1.075575     0.000156
    9.943783     0.279694     1.072362     0.000153
    3.067736     0.282975     1.095920     0.000158
    13.789338     0.282957     1.091106     0.000157
    6.623283     0.285106     1.066412     0.000155
    11.013841     0.277014     1.067287     0.000151
    3.598831     0.280748     1.072877     0.000153
    10.820489     0.281848     1.076949     0.000154
    4.197491     0.277783     1.076177     0.000152
    13.732008     0.283578     1.058538     0.000151
    0.000000     0.000000     1.000000     0.000000
    9.393894     0.303481     0.960706     0.000150
    -4.539291     0.301037     0.993639     0.000154
    7.930572     0.306489     0.991725     0.000156
    -2.732412     0.301456     1.017326     0.000157
    10.166472     0.308587     0.982996     0.000155
    -3.219668     0.301682     1.018507     0.000158
    7.298568     0.303210     1.001340     0.000155
    5.546439     0.302060     0.997857     0.000154
    7.232296     0.301027     0.993305     0.000153
    2.465478     0.296748     1.014893     0.000154
    5.460666     0.301000     1.029161     0.000158
    2.853202     0.291919     0.983836     0.000147
    5.314030     0.294948     1.009617     0.000152
    1.562282     0.296767     1.043072     0.000158
    8.557734     0.297010     1.006835     0.000152
