    24.755420     0.015309     0.984814     0.000008
    20.864425     0.014441     1.001204     0.000007
    18.775267     0.014243     0.990849     0.000006
    20.276045     0.014498     0.989162     0.000006
    15.547129     0.014468     0.988814     0.000006
    22.452461     0.014340     0.997651     0.000006
    15.911868     0.014342     0.998891     0.000006
    21.233384     0.014523     1.009381     0.000006
    15.050356     0.014438     1.016686     0.000006
    23.898056     0.014755     1.020154     0.000006
    14.929954     0.014355     0.968593     0.000005
    23.584822     0.014850     1.004437     0.000006
    16.571173     0.014524     0.988453     0.000006
    26.668783     0.014860     1.018058     0.000006
    14.386416     0.014578     1.014619     0.000006
    22.461396     0.016105     0.991549     0.000006
