    1.070853     0.045700     1.013257     0.000019
    9.390384     0.043277     0.987219     0.000017
    2.569663     0.045292     1.011025     0.000019
    4.649124     0.043569     1.014115     0.000018
    -0.693792     0.043539     0.993417     0.000017
    7.253756     0.043652     0.975996     0.000017
    1.176723     0.044222     1.011929     0.000018
    8.222638     0.043933     0.972392     0.000017
    0.000000     0.000000     1.000000     0.000000
    4.161718     0.041769     0.993524     0.000016
    0.027645     0.043625     0.997774     0.000017
    7.020973     0.042996     1.001780     0.000017
    1.664032     0.044465     0.993542     0.000017
    7.434312     0.044579     0.993584     0.000017
    2.262213     0.046083     0.996848     0.000018
    8.030361     0.054296     0.994163     0.000020
