    2.465878     0.138223     1.061757     0.000049
    10.249366     0.137578     1.046063     0.000048
    3.653065     0.138236     1.026283     0.000048
    6.198152     0.137086     1.053005     0.000048
    2.213830     0.135990     1.072316     0.000049
    5.086699     0.135479     1.059661     0.000048
    0.845720     0.134470     1.078641     0.000048
    9.735415     0.140274     1.055268     0.000049
    4.745926     0.138052     1.052133     0.000049
    5.418336     0.139741     1.065719     0.000050
    3.860129     0.140381     1.090490     0.000052
    5.842114     0.139610     1.028527     0.000048
    2.465029     0.142061     1.068105     0.000051
    4.759613     0.141326     1.058039     0.000050
    6.168398     0.142033     1.048326     0.000050
    5.633715     0.153975     1.039413     0.000054
