    3.935276     0.426127     1.019232     0.000147
    13.590342     0.409218     1.020365     0.000141
    2.512885     0.406506     1.036966     0.000142
    8.473689     0.420272     0.986698     0.000141
    0.994016     0.415476     1.009860     0.000141
    10.724276     0.418402     1.059659     0.000148
    5.304842     0.416014     1.022057     0.000143
    4.833800     0.422368     1.016276     0.000143
    0.000000     0.000000     1.000000     0.000000
    6.046825     0.440699     0.994245     0.000146
    -2.035125     0.449333     1.022584     0.000151
    1.310176     0.448076     0.990106     0.000146
    -1.996707     0.442292     0.990739     0.000145
    3.938981     0.438362     1.022059     0.000148
    0.538885     0.447232     1.020657     0.000151
    -0.959259     0.509480     0.983064     0.000165
